99
9999 2 3
9999 2 3
9999 2 3
9999 2 3
9999 2 3
9999 2 3
9999 2 3
9999 2 3
9999 2 3
9999 2 3
9999 2 3
9999 2 3
9999 2 3
9999 2 3
9999 2 3
9999 2 3
9999 2 3
9999 2 3
9999 2 3
9999 2 3
9999 2 3
9999 2 3
9999 2 3
9999 2 3
9999 2 3
9999 2 3
9999 2 3
9999 2 3
9999 2 3
9999 2 3
9999 2 3
9999 2 3
9999 2 3
9999 2 3
9999 2 3
9999 2 3
9999 2 3
9999 2 3
9999 2 3
9999 2 3
9999 2 3
9999 2 3
9999 2 3
9999 2 3
9999 2 3
9999 2 3
9999 2 3
9999 2 3
9999 2 3
9999 2 3
9999 2 3
9999 2 3
9999 2 3
9999 2 3
9999 2 3
9999 2 3
9999 2 3
9999 2 3
9999 2 3
9999 2 3
9999 2 3
9999 2 3
9999 2 3
9999 2 3
9999 2 3
9999 2 3
9999 2 3
9999 2 3
9999 2 3
9999 2 3
9999 2 3
9999 2 3
9999 2 3
9999 2 3
9999 2 3
9999 2 3
9999 2 3
9999 2 3
9999 2 3
9999 2 3
9999 2 3
9999 2 3
9999 2 3
9999 2 3
9999 2 3
9999 2 3
9999 2 3
9999 2 3
9999 2 3
9999 2 3
9999 2 3
9999 2 3
9999 2 3
9999 2 3
9999 2 3
9999 2 3
9999 2 3
9999 2 3
9999 2 3
